893 488 774 501 
1064 385 322 540 282 385 385 186 577 152 1069 660 739 865 540 577 1064 739 322 865 385 577 488 
152 502 540 865 
2 753 
619 501 359 774 774 359 501 619 774 753 577 774 960 696 341 960 
619 893 359 774 774 359 501 619 774 753 577 501 774 696 501 2 
960 488 960 341 
943 540 152 1005 1069 540 322 577 943 375 660 540 865 378 577 502 1055 385 582 1005 577 1069 322 739 1064 419 540 865 
943 375 660 540 865 378 
893 488 
619 501 359 774 774 359 501 619 774 753 577 774 960 696 341 2 
828 
488 893 2 774 
1069 502 152 1064 1064 540 865 577 660 540 865 46 540 502 322 739 385 1064 577 811 774 753 
540 660 1069 385 1064 
501 774 
619 501 359 774 774 359 501 619 774 753 577 774 960 696 341 2 
828 
753 431 488 893 
464 540 282 502 152 358 577 502 501 960 619 577 943 1005 
1055 385 419 739 322 540 502 943 
2 431 
619 501 359 774 774 359 501 619 774 753 577 774 960 696 341 753 
828 
341 431 2 893 
660 540 1064 577 1005 865 739 811 540 577 1005 322 774 619 619 359 419 341 
186 739 1064 419 1069 322 385 1064 
488 619 
619 501 359 774 774 359 501 619 774 753 577 774 960 696 893 501 
619 893 359 774 774 359 501 619 774 753 577 501 774 696 774 431 
893 488 341 488 774 
502 540 1055 582 1055 152 865 577 152 488 619 577 341 501 419 282 
1069 152 358 1069 582 1064 419 
501 341 
619 501 359 774 774 359 501 619 774 753 577 774 2 696 893 960 
828 
893 341 774 960 
322 540 502 1055 152 1005 385 577 282 1055 152 502 186 464 739 1005 385 464 
865 152 229 540 865 
893 774 
619 501 359 774 774 359 501 619 774 753 577 774 753 696 774 774 
828 
